L,C,R
0.000000000000000000e+00,1.000000000000000000e+00,0.000000000000000000e+00
9.955669221637535038e-02,8.008866155672492715e-01,9.955669221637535038e-02
3.100074877979993593e-01,3.933098116439653347e-01,2.966827005580353616e-01
4.186048896977683231e-01,1.696222314944407783e-01,4.117728788077909541e-01
4.288813171395544077e-01,1.759996708157754719e-01,3.951190120446702037e-01
4.588560512774420008e-01,1.365148937714976141e-01,4.046290549510604406e-01
4.649469695581244233e-01,1.512812140309789388e-01,3.837718164108966934e-01
4.786673903427845489e-01,1.256809539906793838e-01,3.956516556665362061e-01
4.940214972643356961e-01,1.359101009221692358e-01,3.700684018134950959e-01
5.276508587756020274e-01,1.205356357858799604e-01,3.518135054385180815e-01
5.317999452276348515e-01,1.330735316955244940e-01,3.351265230768407100e-01
5.669322022421127150e-01,1.138235922667412553e-01,3.192442054911460714e-01
5.703734214439285521e-01,1.040436315300353881e-01,3.255829470260360181e-01
5.775408505668434556e-01,1.075460933122284746e-01,3.149130561209280699e-01
5.705775830818760053e-01,1.206113863347927778e-01,3.088110305833312030e-01
5.627921824005898133e-01,1.376671807087623545e-01,2.995406368906478045e-01
5.658599424601956640e-01,1.488882970210224921e-01,2.852517605187818162e-01
5.804642402372638399e-01,1.314955719590175376e-01,2.880401878037185393e-01
5.985808888648270765e-01,1.123205456246737233e-01,2.890985655104991170e-01
6.052620335028127130e-01,1.202508761126380443e-01,2.744870903845491594e-01
5.958225302661135370e-01,1.297819749689586022e-01,2.743954947649277498e-01
6.260420305468772373e-01,1.110568934718724476e-01,2.629010759812502318e-01
6.509252431870992117e-01,9.993318498452265219e-02,2.491415718283780945e-01
6.440357240414436024e-01,1.150233189194165700e-01,2.409409570391398692e-01
6.502336879092149857e-01,9.207318876818329501e-02,2.576931233226016915e-01
6.384915221933892271e-01,1.050427937747255847e-01,2.564656840318851883e-01
6.347405320488408442e-01,1.255905702646550604e-01,2.396688976865040677e-01
6.291695148488294365e-01,1.288534725137883419e-01,2.419770126373822217e-01
6.177302248276246299e-01,1.540911096123677715e-01,2.281786655600076263e-01
6.616504828666481819e-01,1.099369928737760210e-01,2.284125242595757832e-01
7.036032707907809991e-01,7.621165860387107971e-02,2.201850706053477547e-01
7.168312252690401953e-01,7.500935366963239204e-02,2.081594210613275098e-01
7.198111198239688369e-01,8.386871733358627901e-02,1.963201628424448564e-01
7.383230086536304304e-01,7.873260955801882066e-02,1.829443817883508738e-01
7.502312936281243516e-01,7.863198974897331328e-02,1.711367166229023351e-01
7.589794962676785772e-01,7.819831521433266708e-02,1.628221885179887973e-01
7.567886442197504504e-01,8.969532412759238793e-02,1.535160316526572033e-01
7.409089832728597003e-01,1.147828552005428770e-01,1.443081615265974782e-01
7.411349557718034387e-01,1.229492766918246910e-01,1.359157675363719675e-01
7.579173625133981407e-01,1.106404870012638875e-01,1.314421504853380274e-01
7.650813367641123852e-01,1.062676213835135886e-01,1.286510418523741095e-01
7.566584511354512710e-01,1.222327180880570796e-01,1.211088307764917327e-01
7.860051077678980036e-01,9.292428085305251551e-02,1.210706113790495780e-01
7.798983142440192307e-01,1.051683053075413432e-01,1.149333804484394261e-01
8.151061084892474717e-01,7.428129118745677162e-02,1.106126003232959232e-01
8.406285047941163269e-01,5.366670071100318462e-02,1.057047944948805995e-01
8.256790334216914662e-01,7.492416850320707256e-02,9.939679807510158616e-02
8.433545577157057771e-01,6.270270418715251370e-02,9.394273809714177859e-02
8.330808005780785397e-01,7.773490354964526783e-02,8.918429587227633126e-02
8.366968078206831194e-01,7.935838363876568380e-02,8.394480854055133556e-02
8.301469544563367942e-01,9.021861629833702323e-02,7.963442924532629363e-02
8.318293661310656173e-01,9.064519717167977830e-02,7.752543669725475706e-02
8.126204339087101935e-01,1.116166381773413124e-01,7.576292791394861892e-02
7.862034413162199975e-01,1.402159098134619364e-01,7.358064887031809387e-02
7.897502062519721200e-01,1.367580422503503756e-01,7.349175149767761539e-02
7.767474267963898615e-01,1.476306389417140208e-01,7.562193426189618706e-02
8.351218104665023567e-01,8.355639153397513563e-02,8.132179799952243826e-02
8.348176207723340125e-01,8.716492341045962988e-02,7.801745581720639922e-02
8.231456460009749510e-01,1.031250828303222622e-01,7.372927116870280073e-02
8.552279928145420929e-01,7.220786951511218299e-02,7.256413767034571027e-02
8.791228816006823044e-01,5.154104206187724857e-02,6.933607633744047483e-02
8.422840596890079912e-01,9.267529107003463773e-02,6.504064924095744049e-02
8.256160460812228541e-01,1.122520062521037004e-01,6.213194766667363284e-02
7.993070230649709229e-01,1.404468106973755515e-01,6.024616623765353951e-02
7.754791106246204935e-01,1.599892366208691963e-01,6.453165275451042127e-02
7.911074943204962073e-01,1.431378311340937848e-01,6.575467454541009116e-02
7.595057718451285744e-01,1.712188197079169694e-01,6.927540844695463662e-02
8.063908042417619049e-01,1.221461904518620772e-01,7.146300530637622606e-02
7.826972437215546918e-01,1.475934396855842212e-01,6.970931659286122573e-02
7.517814643108218231e-01,1.745355425778750968e-01,7.368299311130324658e-02
7.923487782470615137e-01,1.270019100205662388e-01,8.064931173237248341e-02
7.557042357498353624e-01,1.609809874671073726e-01,8.331477678305736212e-02
7.228408385191680274e-01,1.933384372524879491e-01,8.382072422834412062e-02
7.340788075614592678e-01,1.692728476538252758e-01,9.664834478471559520e-02
7.734257654169699459e-01,1.276159648524414769e-01,9.895826973058874376e-02
7.364733818484866523e-01,1.666362015982610356e-01,9.689041655325256186e-02
7.284664971666172661e-01,1.709257173475723646e-01,1.006077854858105358e-01
7.351604616881217691e-01,1.599383876696018614e-01,1.049011506422764251e-01
7.191664607089400807e-01,1.800338256377641277e-01,1.007997136532960414e-01
6.739722325110329981e-01,2.141691467150866057e-01,1.118586207738804794e-01
6.459591387823199193e-01,2.316953847345369633e-01,1.223454764831431868e-01
6.188974407288115875e-01,2.530689757603927781e-01,1.280335835107956899e-01
5.858446481388497329e-01,2.644416107947795136e-01,1.497137410663707535e-01
5.737960040301672837e-01,2.408711147417923470e-01,1.853328812280403692e-01
5.434303894665357682e-01,2.436998671403209915e-01,2.128697433931432681e-01
5.010637021428758775e-01,2.575495692272706805e-01,2.413867286298534975e-01
4.455004297617650155e-01,2.970632143148881354e-01,2.574363559233469601e-01
4.453667966661621347e-01,2.716397840873934211e-01,2.829934192464444997e-01
3.983642270585507905e-01,3.174829042925931821e-01,2.841528686488560829e-01
3.933913913253394568e-01,3.048559532046697940e-01,3.017526554699908048e-01
3.919829784277141793e-01,2.900549701677377912e-01,3.179620514045480850e-01
3.469337365432808573e-01,2.734000470856684517e-01,3.796662163710508020e-01
3.441572477049861245e-01,2.310178267959678289e-01,4.248249254990460466e-01
3.212650451087650239e-01,2.545072121231177764e-01,4.242277427681171997e-01
2.939243127010926493e-01,2.850317407992147278e-01,4.210439464996926784e-01
2.824071433774756335e-01,2.864303744981768207e-01,4.311624821243477124e-01
2.566315657835780972e-01,2.911130732788163034e-01,4.522553609376057659e-01
2.417670508735155765e-01,2.837852999639045581e-01,4.744476491625800318e-01
2.144788789432815479e-01,2.447346211214248279e-01,5.407864999352938185e-01
1.891020531773969227e-01,2.469652335723755143e-01,5.639327132502276463e-01
1.598159144459095349e-01,1.896768476963110461e-01,6.505072378577794190e-01
1.259605635635924759e-01,1.384350102078320266e-01,7.356044262285756918e-01
9.957807576879734723e-02,1.633327070314944396e-01,7.370892171997084352e-01
7.872586390600341821e-02,2.114035885517536739e-01,7.098705475422432132e-01
7.205587770524679581e-02,2.174830716450358858e-01,7.104610506497175404e-01
5.921597859272112463e-02,2.330120868811914325e-01,7.077719345260876649e-01
