L,C,R
0.000000000000000000e+00,1.000000000000000000e+00,0.000000000000000000e+00
1.849726424295407012e-01,6.300547151409185975e-01,1.849726424295407012e-01
4.218029387238321215e-01,1.647298566699348654e-01,4.134672046062329298e-01
4.376271372176547825e-01,1.616036874281380764e-01,4.007691753542071411e-01
4.536968982626186642e-01,1.449212854171142706e-01,4.013818163202669820e-01
4.668172197203936946e-01,1.389887032608644879e-01,3.941940770187417620e-01
4.873408543820206273e-01,1.337888662133114859e-01,3.788702794046677758e-01
4.841358093385133565e-01,1.492178674883106182e-01,3.666463231731759698e-01
4.841486148556704561e-01,1.309135283292456875e-01,3.849378568150838009e-01
4.912245168706842469e-01,1.367741071444084910e-01,3.720013759849072899e-01
5.119218876987395861e-01,1.183299737828934495e-01,3.697481385183669089e-01
5.392564765997790444e-01,8.582319779200041354e-02,3.749203256082204727e-01
5.409033815517689803e-01,9.618294156877003898e-02,3.629136768794608559e-01
5.449062981293661956e-01,1.211684532909964029e-01,3.339252485796373460e-01
5.427640355914866710e-01,1.325788567917849103e-01,3.246571076167283354e-01
5.602138306696735626e-01,1.254829807597470925e-01,3.143031885705793171e-01
5.753264035970876433e-01,1.119961361992496546e-01,3.126774602036626605e-01
5.899268314404819691e-01,9.554469724973707612e-02,3.145284713097809548e-01
6.008942950231010993e-01,1.001873260364369439e-01,2.989183789404619151e-01
5.943892857546263508e-01,1.176339366564744526e-01,2.879767775888992243e-01
6.056178182765135087e-01,1.162424818454859676e-01,2.781396998780005791e-01
5.955458766882537613e-01,1.210191034149051131e-01,2.834350198968412227e-01
5.985732898834777993e-01,1.216588437674377271e-01,2.797678663490845707e-01
6.101086124164476487e-01,1.099300010351158957e-01,2.799613865484365527e-01
6.294759280186141837e-01,1.018539480864285862e-01,2.686701238949572579e-01
6.281573549652975652e-01,1.155936144760729423e-01,2.562490305586294648e-01
6.600744965320189950e-01,9.210425728054992545e-02,2.478212461874310379e-01
6.431930666293461663e-01,1.216675218054077828e-01,2.351394115652459815e-01
6.736884884731227929e-01,8.054893862514145297e-02,2.457625729017357263e-01
6.701109685114218228e-01,9.951656782993255346e-02,2.303724636586456376e-01
6.810437258538108996e-01,1.006793516115572495e-01,2.182769225346319897e-01
6.954662016241897060e-01,9.692611957821348212e-02,2.076076787975967008e-01
6.983199353504613294e-01,1.068737842334119004e-01,1.948062804161267425e-01
7.177927854744848846e-01,8.856442683470217014e-02,1.936427876908130841e-01
7.414606302174711061e-01,7.118915471224518399e-02,1.873502150702837932e-01
7.380867255882707090e-01,8.691336287948912831e-02,1.749999115322401488e-01
7.303687007776880069e-01,1.052276948437258636e-01,1.644036043785861434e-01
7.381580624858237183e-01,1.078624075023338208e-01,1.539795300118423638e-01
7.578365372137223499e-01,9.447185834088328571e-02,1.476916044453943921e-01
7.511142844666685026e-01,1.112399345909604043e-01,1.376457809423710932e-01
7.369076017642318677e-01,1.308623516977014400e-01,1.322300465380667200e-01
7.493770376413312340e-01,1.233061527945242680e-01,1.273168095641446784e-01
7.602579025985655159e-01,1.137433269651485362e-01,1.259987704362860450e-01
7.501843199464351963e-01,1.225168411160048321e-01,1.272988389375601104e-01
7.615500773911761945e-01,1.143815138694929678e-01,1.240684087393309348e-01
7.652097313619276031e-01,1.166239612652611168e-01,1.181663073728113633e-01
7.742872974649701590e-01,1.070989211407974151e-01,1.186137813942325231e-01
7.591148241657097451e-01,1.283511036999404886e-01,1.125340721343498218e-01
7.440533331642545933e-01,1.405510625630211063e-01,1.153956042727244113e-01
7.369599665757656792e-01,1.421928367305626550e-01,1.208471966936717074e-01
7.498997825124605887e-01,1.239287621396326367e-01,1.261714553479067746e-01
7.540630396410747949e-01,1.231882170564012335e-01,1.227487433025239716e-01
7.831813247536474343e-01,9.258778083260468805e-02,1.242308944137477528e-01
7.683353697746483357e-01,1.133449023022783386e-01,1.183197279230733534e-01
7.637935426837255681e-01,1.227929132189517075e-01,1.134135440973227799e-01
7.772085554488534775e-01,1.133187552607491239e-01,1.094726892903973986e-01
7.765016964087962936e-01,1.197560933937237837e-01,1.037422101974800476e-01
7.758182410258310790e-01,1.260715210371955441e-01,9.811023793697337680e-02
7.718844566572502508e-01,1.291945214892969152e-01,9.892102185345280629e-02
7.840459283717287065e-01,1.170418287060691342e-01,9.891224292220210379e-02
7.859039912180040277e-01,1.186051018861746381e-01,9.549090689582123703e-02
7.621545673466986193e-01,1.472273117239502882e-01,9.061812092935112029e-02
7.966085986725821577e-01,1.038375131218898656e-01,9.955388820552793505e-02
7.720786493877267453e-01,1.308494791751588227e-01,9.707187143711441812e-02
7.790391381610120014e-01,1.236614781142449937e-01,9.729938372474303265e-02
7.508203147585486015e-01,1.538368934677493693e-01,9.534279177370208469e-02
7.518631724176053632e-01,1.477471479305841051e-01,1.003896796518106010e-01
8.521624835751984151e-01,3.971620503200229413e-02,1.081213113927993602e-01
8.161123753866083019e-01,8.428158263606083667e-02,9.960604197733094467e-02
7.759951906098894181e-01,1.305326200759433786e-01,9.347218931416727272e-02
7.864347056885045983e-01,1.191025483920445383e-01,9.446274591945087729e-02
7.716504274358164661e-01,1.321700610797140185e-01,9.617951148446944598e-02
7.451140370379555344e-01,1.636198237780221720e-01,9.126613918402232128e-02
7.368003014693956798e-01,1.696243517390764732e-01,9.357534679152794410e-02
7.157292703702818892e-01,1.863104096892511663e-01,9.796031994046701386e-02
7.098040119732806907e-01,1.836485793945555334e-01,1.065474086321638869e-01
6.819192642530773618e-01,2.074691820906567341e-01,1.106115536562659180e-01
6.781127744221794318e-01,2.001733220158458393e-01,1.217139035619748400e-01
6.807204257759461585e-01,1.844644296582853560e-01,1.348151445657685965e-01
6.635861737680963657e-01,2.011939452408586237e-01,1.352198809910450661e-01
6.157257277027804454e-01,2.337943599830641372e-01,1.504799123141554451e-01
6.275064634898918081e-01,2.140393227744988303e-01,1.584542137356093894e-01
6.013899398645772276e-01,2.176197308149644682e-01,1.809903293204582764e-01
6.119803090714681648e-01,2.031019125949773130e-01,1.849177783335545222e-01
6.222090808114943972e-01,1.751379009987088509e-01,2.026530181897966965e-01
5.601459501648201611e-01,2.269603407842274712e-01,2.128937090509523677e-01
5.605735530128186372e-01,1.904294451070897010e-01,2.489970018800916896e-01
5.022345275398832909e-01,2.408600809240149521e-01,2.569053915361018681e-01
4.744265389906053287e-01,2.502183863125027052e-01,2.753550746968920770e-01
4.412247752740677265e-01,2.614796722294649989e-01,2.972955524964673302e-01
3.954588155532740568e-01,2.925213137907062277e-01,3.120198706560198265e-01
3.901687456510795626e-01,2.845770803333405041e-01,3.252541740155800443e-01
3.471482692851842189e-01,3.091524023305330382e-01,3.436993283842828539e-01
3.874183154480008717e-01,2.478503035360773987e-01,3.647313810159217851e-01
4.023215747861385583e-01,1.803403970580273741e-01,4.173380281558341509e-01
3.468311952812025978e-01,2.433276885588528393e-01,4.098411161599446739e-01
3.054957805859502273e-01,2.880007727025019615e-01,4.065034467115479222e-01
2.670777732384017611e-01,2.967866530741731790e-01,4.361355736874251710e-01
2.721809785942841398e-01,2.854197494387414880e-01,4.423992719669744833e-01
2.278199016395910104e-01,2.778035791618342909e-01,4.943765191985748930e-01
1.973098101632677626e-01,2.879584920961601457e-01,5.147316977405722582e-01
1.933284563403282752e-01,2.171117585193874100e-01,5.895597851402845091e-01
1.533037308206881277e-01,2.686471366499667557e-01,5.780491325293453109e-01
1.368521257441570049e-01,2.473823988757045678e-01,6.157654753801385938e-01
1.140634612198336284e-01,2.974051709327242832e-01,5.885313678474421994e-01
1.198099291328339200e-01,2.608911540517203642e-01,6.192989168154457991e-01
