L,C,R
0.000000000000000000e+00,1.000000000000000000e+00,0.000000000000000000e+00
2.352980945991767214e-01,5.294038108016465571e-01,2.352980945991767214e-01
2.947804616485616425e-01,4.275439947113520156e-01,2.776755436400863419e-01
3.843961093682730090e-01,2.574542653714301244e-01,3.581496252602968666e-01
4.391251493003708317e-01,1.499964800560135425e-01,4.108783706436156535e-01
4.296924114868164724e-01,1.726995653502129968e-01,3.976080231629705031e-01
4.553897671508239098e-01,1.654371686021222365e-01,3.791730642470538815e-01
4.606322630968296972e-01,1.834339881068268174e-01,3.559337487963435409e-01
4.954844418829117969e-01,1.524425174323776888e-01,3.520730406847106253e-01
5.047340389358259127e-01,1.634653339520927284e-01,3.318006271120814699e-01
5.265221461917604096e-01,1.050203983396317403e-01,3.684574554686079750e-01
5.248047540212259499e-01,1.196564556773943855e-01,3.555387903013798034e-01
5.288337495983469472e-01,1.166128015758492592e-01,3.545534488258039185e-01
5.381704576451699085e-01,1.176200923624895756e-01,3.442094499923406548e-01
5.885776830435012208e-01,6.883597540078369159e-02,3.425863415557152680e-01
5.764153826491192900e-01,1.005600686186333415e-01,3.230245487322475628e-01
5.643835498911717874e-01,1.281623489589985843e-01,3.074541011498298504e-01
5.730404288193616802e-01,1.319551617922787023e-01,2.950044093883598118e-01
5.722478269807500517e-01,1.411420095047400958e-01,2.866101635145100190e-01
5.920019335746194988e-01,1.344401258152818357e-01,2.735579406100988598e-01
5.845015073599184596e-01,1.533475691477547975e-01,2.621509234923269371e-01
6.054843371998177570e-01,1.458164163506936173e-01,2.486992464494888200e-01
6.154575363869156934e-01,1.181521259393521761e-01,2.663903376737322692e-01
6.526397271493127317e-01,1.015459248887511795e-01,2.458143479619362415e-01
6.748478456454793939e-01,8.593942855661775015e-02,2.392127257979029531e-01
6.837094515419123164e-01,8.232521646392079728e-02,2.339653319941669696e-01
6.808976894901906940e-01,9.356365587280614238e-02,2.255386546370032608e-01
6.749720480414793666e-01,1.123436331560713763e-01,2.126843188024493958e-01
6.846924897965878110e-01,1.039594719309092224e-01,2.113480382725030082e-01
7.121882418367291301e-01,6.694146869736977701e-02,2.208702894659011762e-01
7.057360092582736222e-01,8.347373973012944814e-02,2.107902510115969852e-01
6.906305290108412098e-01,1.059001653157858880e-01,2.034693056733730410e-01
6.893011598789070549e-01,1.104201814787065528e-01,2.002786586423865867e-01
6.878650075425906119e-01,1.267046558380812149e-01,1.854303366193280900e-01
6.824577176278464608e-01,1.378059905394009577e-01,1.797362918327526649e-01
7.120505774116707709e-01,1.131821962221518652e-01,1.747672263661772252e-01
7.247416656109618716e-01,1.062596829438719193e-01,1.689986514451661814e-01
7.335247632024887166e-01,1.003450587552446177e-01,1.661301780422666796e-01
7.470565894007276109e-01,9.511638274797112880e-02,1.578270278513011493e-01
7.434805083506674794e-01,1.002532173396436521e-01,1.562662743096888407e-01
7.452723640255028981e-01,1.027796239072850670e-01,1.519480120672120071e-01
7.612459216721793043e-01,8.811644922901815113e-02,1.506376290988024891e-01
7.629712608912611049e-01,9.206443284968215957e-02,1.449643062590567077e-01
7.743114396887779138e-01,8.614775050745857032e-02,1.395408098037634881e-01
7.543312936303878669e-01,1.132061688324346588e-01,1.324625375371774605e-01
7.908741805830462601e-01,7.590362415298845811e-02,1.332221952639652818e-01
8.034847813672173489e-01,6.776635758342131055e-02,1.287488610493612018e-01
7.887263233893887504e-01,8.955538820099634423e-02,1.217182884096147805e-01
7.750789550110358528e-01,1.112051647304870688e-01,1.137158802584769812e-01
7.995111096510837401e-01,8.397031591767716019e-02,1.165185744312391414e-01
7.737495567592189705e-01,1.124210464824178801e-01,1.138293967583630939e-01
7.596415409232464278e-01,1.323999389899362111e-01,1.079585200868173750e-01
7.820267286737351276e-01,1.100455854846731779e-01,1.079276858415917917e-01
8.118694795628884631e-01,8.484216516639637995e-02,1.032883552707151570e-01
8.056269097159491910e-01,9.429101694546719592e-02,1.000820733385835992e-01
7.969594682068980029e-01,1.076961672122451336e-01,9.534436458085686350e-02
8.091295165329828176e-01,9.320582366769623872e-02,9.766465979932097141e-02
8.061391601807966767e-01,1.012010926042296727e-01,9.265974721497380329e-02
7.817573585057070451e-01,1.290201908372448081e-01,8.922245065704821620e-02
8.028853003762479457e-01,1.133299602157425978e-01,8.378473940800949815e-02
8.171855256424148672e-01,1.001263342245643923e-01,8.268814013302067112e-02
8.008376854926205768e-01,1.208396029051209408e-01,7.832271160225857953e-02
8.069372761411761630e-01,1.128372666871010344e-01,8.022545717172295532e-02
7.870135966369269376e-01,1.346112835121264506e-01,7.837511985094676448e-02
8.140920951743378930e-01,1.060679814738025029e-01,7.983992335185971512e-02
7.906644567726192063e-01,1.310187726491212623e-01,7.831677057825953137e-02
7.719994942140820937e-01,1.466211074800626291e-01,8.137939830585533274e-02
7.928438253915698342e-01,1.267765498988802642e-01,8.037962470955008210e-02
7.516541176941556879e-01,1.701139917715616123e-01,7.823189053428272755e-02
7.465572639963414803e-01,1.762520843352046174e-01,7.719065166845395787e-02
7.092811827849945239e-01,2.089630708959183403e-01,8.175574631908726075e-02
8.186664808406317606e-01,8.767149584604369550e-02,9.366202331332457165e-02
7.566558700635768187e-01,1.535401943615211928e-01,8.980393557490205791e-02
7.189198410930296435e-01,1.848379383448282565e-01,9.624222056214221110e-02
6.865278069918745452e-01,2.123954788038815988e-01,1.010767142042440503e-01
6.797877294252753222e-01,2.088667100496690299e-01,1.113455605250558977e-01
6.779493069345317036e-01,2.073231810748256132e-01,1.147275119906428220e-01
6.532431684654443904e-01,2.133440073238401513e-01,1.334128242107156803e-01
6.212083590720354209e-01,2.231123523198340064e-01,1.556792886081306837e-01
6.449561428151646680e-01,1.953300820867499565e-01,1.597137750980854309e-01
5.937428370351920393e-01,2.454690254732711518e-01,1.607881374915368644e-01
5.739734837665306788e-01,2.482137906450292419e-01,1.778127255884401903e-01
5.521912551961689619e-01,2.701281072002976735e-01,1.776806376035335033e-01
5.013764728339419330e-01,3.206202196361700452e-01,1.780033075298881051e-01
4.833617515095958161e-01,3.091269485350595647e-01,2.075112999553447302e-01
4.641386370255837779e-01,3.096501970665695436e-01,2.262111659078468173e-01
4.293220436122484607e-01,3.325478160119710314e-01,2.381301403757806190e-01
4.246997529640753055e-01,3.278020138860966437e-01,2.474982331498281618e-01
4.478965922061178828e-01,2.657103073065464338e-01,2.863931004873357944e-01
4.564674691184631428e-01,2.443391810206330672e-01,2.991933498609039010e-01
4.335825251382059986e-01,1.678700345078034672e-01,3.985474403539905897e-01
3.831865318209600746e-01,2.257582378441867488e-01,3.910552303348531766e-01
3.526969568370164620e-01,2.609723039837333336e-01,3.863307391792501488e-01
3.175832875161042068e-01,2.844870948798182697e-01,3.979296176040774680e-01
2.988945778291032807e-01,2.764825685627180785e-01,4.246228536081785854e-01
2.699774872909748713e-01,2.880971874081715289e-01,4.419253253008534887e-01
2.391963949090995523e-01,3.137270345921752690e-01,4.470765704987250677e-01
2.461879295887483554e-01,2.608176589463034878e-01,4.929944114649480458e-01
2.415184007719862191e-01,2.224596039387086444e-01,5.360219952893050532e-01
2.161009394879668255e-01,2.238758766076269779e-01,5.600231839044060855e-01
1.736468986003964210e-01,2.716978258835208715e-01,5.546552755160825132e-01
1.551485735146649336e-01,2.624059432459895369e-01,5.824454832393453074e-01
1.443315131586272171e-01,2.382694156451449219e-01,6.173990711962276112e-01
1.255095538904847374e-01,2.609040293637587826e-01,6.135864167457563134e-01
1.274205028420190289e-01,2.677762687629333671e-01,6.048032283950474097e-01
1.096407190814359528e-01,1.883003712703458510e-01,7.020589096482180436e-01
