L,C,R
0.000000000000000000e+00,1.000000000000000000e+00,0.000000000000000000e+00
1.579980937120606388e-01,6.840038125758787224e-01,1.579980937120606388e-01
2.792989545971164000e-01,4.480116971485254007e-01,2.726893482543581992e-01
3.768237166181834241e-01,3.037938869685978815e-01,3.193823964132186943e-01
4.440236165303453331e-01,2.345195687379937610e-01,3.214568147316609337e-01
4.701658270334577727e-01,2.052883679411332540e-01,3.245458050254089732e-01
4.718526494427529028e-01,1.696911288843283572e-01,3.584562216729187401e-01
4.920292748356571710e-01,1.278949731703603043e-01,3.800757519939825246e-01
4.823423354861149370e-01,1.508185450720072041e-01,3.668391194418778589e-01
4.939901776036300096e-01,1.400322458241363699e-01,3.659775765722336205e-01
5.071553776446217077e-01,1.211321263407667687e-01,3.717124960146115376e-01
5.052593346600194879e-01,1.214535375225751085e-01,3.732871278174054175e-01
5.089683163757754425e-01,1.418301949536897588e-01,3.492014886705347987e-01
5.436087182899460579e-01,9.340834002282871751e-02,3.629829416872252246e-01
5.302542948194945982e-01,1.266625762029872926e-01,3.430831289775181370e-01
5.469811132232803574e-01,1.256536054182492979e-01,3.273652813584703170e-01
5.704505911191676271e-01,1.122523584033436467e-01,3.172970504774887401e-01
5.769145183607530258e-01,1.055670699346328290e-01,3.175184117046142007e-01
5.933076442212109614e-01,1.010393510930983618e-01,3.056530046856907323e-01
5.945409733043167666e-01,1.108775815943530141e-01,2.945814451013302193e-01
5.881560353820783904e-01,1.336879950671341633e-01,2.781559695507874186e-01
5.875860137576667253e-01,1.503133050141612914e-01,2.621006812281719833e-01
6.149973466517831833e-01,1.067443563785432370e-01,2.782582969696735242e-01
6.046902879032127753e-01,1.301085203428219428e-01,2.652011917539652264e-01
6.438205687661718857e-01,9.244621601903384167e-02,2.637332152147942588e-01
6.500526438903925230e-01,1.017291703326210772e-01,2.482181857769863997e-01
6.533403154715763383e-01,1.040093798818232662e-01,2.426503046466004787e-01
6.772783100046332327e-01,9.021363104453508641e-02,2.325080589508316808e-01
6.686371369119171737e-01,1.170881382639781809e-01,2.142747248241047009e-01
7.055662969762169778e-01,8.467463347845451127e-02,2.097590695453285525e-01
6.963238235868598469e-01,1.066147447258751074e-01,1.970614316872651706e-01
7.137678005670842207e-01,9.364361827121463200e-02,1.925885811617012999e-01
7.164590049450313414e-01,1.011635772791574656e-01,1.823774177758113457e-01
7.220492544871603968e-01,1.085331913251394720e-01,1.694175541877002422e-01
7.438338571232899765e-01,9.551896410383124703e-02,1.606471787728789014e-01
7.549864273765908296e-01,8.816329054226124118e-02,1.568502820811480403e-01
7.470344971679431234e-01,1.040324538302648816e-01,1.489330490017921060e-01
7.385094848200789430e-01,1.189002382330296148e-01,1.425902769468915254e-01
7.506332419170524961e-01,1.129793370895193633e-01,1.363874209934281823e-01
7.634878004012106700e-01,1.083913935101453729e-01,1.281208060886439570e-01
7.374945498958231926e-01,1.373177875962073302e-01,1.251876625079694216e-01
7.539586275625805856e-01,1.210984949611996764e-01,1.249428774762197797e-01
7.501257485659913460e-01,1.304419750122182697e-01,1.194322764217904675e-01
8.009678694090882622e-01,7.793176890442057858e-02,1.211003616864911869e-01
8.017077417074386370e-01,8.250111939482257517e-02,1.157911388977386630e-01
7.940986039027534416e-01,9.131878936544386705e-02,1.145826067318026220e-01
7.950447860477842799e-01,9.416517160712438439e-02,1.107900423450912802e-01
7.928618827862589091e-01,1.012876781140926719e-01,1.058504390996483080e-01
7.991431770321585359e-01,9.825412855843101978e-02,1.026026944094102916e-01
8.287809633373819374e-01,7.319080298788327443e-02,9.802823367473477434e-02
8.127287958618681918e-01,9.717379698111849873e-02,9.009740715701333724e-02
8.059523336203540111e-01,1.067879107411858486e-01,8.725975563846022354e-02
8.052479339386828805e-01,1.112676181813580661e-01,8.348444787995902561e-02
7.998780547823561848e-01,1.132822234137112194e-01,8.683972180393272067e-02
8.496320963454131459e-01,6.499272839996728113e-02,8.537517525461972567e-02
8.174634439657084695e-01,1.017623404514456098e-01,8.077421558284607339e-02
7.916521652727455116e-01,1.285871171870951457e-01,7.976071754015943982e-02
7.853814276006347850e-01,1.364341394795996476e-01,7.818443291976567844e-02
7.623050510074012021e-01,1.569944551402509547e-01,8.070049385234794037e-02
7.646607759061402332e-01,1.558474740262457692e-01,7.949175006761406703e-02
7.997014519506280283e-01,1.158472095433118604e-01,8.445133850606025006e-02
8.434705723904741825e-01,7.383150196338464366e-02,8.269792564614117381e-02
8.293947976785722709e-01,8.980512269504475897e-02,8.080007962638294239e-02
8.005237630587247466e-01,1.204761155437171771e-01,7.900012139755807627e-02
8.103321701760505258e-01,1.124115030978220936e-01,7.725632672612738061e-02
7.951375161346193599e-01,1.290954577688211147e-01,7.576702609655958098e-02
8.398865364565143432e-01,8.663787354580680666e-02,7.347558999767894727e-02
7.984017865408358228e-01,1.321512916305637719e-01,6.944692182860041918e-02
8.203377930168371801e-01,1.115317422639639788e-01,6.813046471919900759e-02
7.878209411765098036e-01,1.479338199754001715e-01,6.424523884809006657e-02
7.802163378622917200e-01,1.496013718311713647e-01,7.018229030653713729e-02
7.342827651989900506e-01,1.933430543724753425e-01,7.237418042853484279e-02
7.020693951404111122e-01,2.129580493596731905e-01,8.497255549991593326e-02
6.853568016611900626e-01,2.083385695936001980e-01,1.063046287452099337e-01
7.019916502393719338e-01,1.841948808911421098e-01,1.138134688694860119e-01
6.868476897779722812e-01,1.964554035524291586e-01,1.166969066695986851e-01
6.827611659528485255e-01,1.962877576001095248e-01,1.209510764470421440e-01
6.905030641104032973e-01,1.822442772425504620e-01,1.272526586470463239e-01
6.458870292499994115e-01,2.299180398528782032e-01,1.241949308971224686e-01
6.202094261290421739e-01,2.415766503429149503e-01,1.382139235280430145e-01
6.143203287632603704e-01,2.358150021174971189e-01,1.498646691192426772e-01
5.864250620403052006e-01,2.483142000803280069e-01,1.652607378793669313e-01
5.541608523396182040e-01,2.658427462397870977e-01,1.799964014205948371e-01
5.128018653240935532e-01,2.825887889190538682e-01,2.046093457568526341e-01
4.859009373704532009e-01,2.983702889523180968e-01,2.157287736772287023e-01
4.662129267537944433e-01,3.025032082255817989e-01,2.312838650206237578e-01
4.535027071891438721e-01,3.009948339314533761e-01,2.455024588794027518e-01
4.232199435773820739e-01,3.207389897520935285e-01,2.560410666705244531e-01
4.491697474808983293e-01,2.358845347613697241e-01,3.149457177577318912e-01
3.796647417797787694e-01,2.924812121325383041e-01,3.278540460876829821e-01
3.916115585413434408e-01,2.361557596249009849e-01,3.722326818337556853e-01
3.672273664911767099e-01,2.428082963553038209e-01,3.899643371535195246e-01
3.538626084975927677e-01,1.740996906295270430e-01,4.720377008728802171e-01
2.837793901129204155e-01,2.561142197664206810e-01,4.601063901206588480e-01
2.602329698354841625e-01,2.730132003085268821e-01,4.667538298559889554e-01
2.183356040101551709e-01,3.106887031267230315e-01,4.709756928631217976e-01
2.229727191971896394e-01,2.919699635069921695e-01,4.850573172958182466e-01
1.952657817965379738e-01,3.276929241505125434e-01,4.770412940529495938e-01
2.106006667092841789e-01,2.245835987671237211e-01,5.648157345235921278e-01
1.726049225782322338e-01,2.499168231028025267e-01,5.774782543189652673e-01
1.783281586353257231e-01,2.780491128430123693e-01,5.436227285216619354e-01
1.783903426829833716e-01,2.062791895687297594e-01,6.153304677482869245e-01
1.518222113824628516e-01,1.333939292313786051e-01,7.147838593861586265e-01
1.131090741431101110e-01,1.874891664885430798e-01,6.994017593683469203e-01
9.106366177868760459e-02,1.835969214676323458e-01,7.253394167536800774e-01
7.457516375984030166e-02,2.304199110980685583e-01,6.950049251420913343e-01
